Character to attribute mapping:
  A: 2010.1
  S: ?
  B: C-IVA
  C: Human-08_09
  D: Human-09_10
  E: Human-10_11
  F: Human-11_12
  G: Human-12_13
  H: Human-13_14
  I: Human-14_15
  J: Human-15_16
  K: Human-16_17
  L: Human-17_18
  M: Human-18_19
  N: delta1a
  O: delta1b
  P: delta2
  Q: gamma
  R: nan


Substitution rate (mu): 46.64432

Equilibrium frequencies (pi_i):
  A: 0.0537
  B: 0.0496
  C: 0.0566
  D: 0.0572
  E: 0.059
  F: 0.0587
  G: 0.0554
  H: 0.0589
  I: 0.0653
  J: 0.0608
  K: 0.0636
  L: 0.0615
  M: 0.0755
  N: 0.0388
  O: 0.0434
  P: 0.0422
  Q: 0.0419
  R: 0.0579

Symmetrized rates from j->i (W_ij):
	A	B	C	D	E	F	G	H	I	J	K	L	M	N	O	P	Q	R
  A	0	1.3006	0.8904	0.8903	0.8898	0.8899	0.8895	0.8892	0.8894	0.8894	0.8894	0.889	0.8896	1.6853	1.1374	1.3323	1.5578	0.8898
  B	1.3006	0	0.9314	0.9154	0.8801	0.8807	0.9159	0.8795	0.8786	0.8793	0.8789	0.8788	0.8771	2.4949	3.1559	3.1135	4.5357	0.8802
  C	0.8904	0.9314	0	1.0089	0.8901	0.8911	1.0231	0.8894	0.8895	0.8894	0.8895	0.889	0.8896	0.8904	1.1267	0.8871	0.9042	0.8899
  D	0.8903	0.9154	1.0089	0	0.8904	0.8944	1.2295	0.8894	0.8895	0.8894	0.8895	0.889	0.8896	0.889	1.0503	0.8871	0.8982	0.8898
  E	0.8898	0.8801	0.8901	0.8904	0	0.8899	1.3374	0.8889	0.8891	0.889	0.8891	0.8886	0.8892	0.8858	0.8866	0.8865	0.8853	0.8895
  F	0.8899	0.8807	0.8911	0.8944	0.8899	0	1.3405	0.8892	0.8892	0.8891	0.8892	0.8887	0.8893	0.8859	0.9131	0.8866	0.8856	0.8896
  G	0.8895	0.9159	1.0231	1.2295	1.3374	1.3405	0	1.3359	0.8917	0.8884	0.8884	0.8879	0.8882	0.8889	1.5035	0.8864	0.8979	0.8888
  H	0.8892	0.8795	0.8894	0.8894	0.8889	0.8892	1.3359	0	2.2515	1.1265	1.1273	0.888	0.8885	0.8854	0.8842	0.8861	0.8848	0.8889
  I	0.8894	0.8786	0.8895	0.8895	0.8891	0.8892	0.8917	2.2515	0	0.8919	0.8919	0.888	0.8886	0.8851	0.8835	0.8859	0.8845	0.8891
  J	0.8894	0.8793	0.8894	0.8894	0.889	0.8891	0.8884	1.1265	0.8919	0	2.2794	0.8904	0.8899	0.8853	0.8839	0.8861	0.8848	0.889
  K	0.8894	0.8789	0.8895	0.8895	0.8891	0.8892	0.8884	1.1273	0.8919	2.2794	0	1.239	1.4786	0.8852	0.8837	0.886	0.8846	0.8891
  L	0.889	0.8788	0.889	0.889	0.8886	0.8887	0.8879	0.888	0.888	0.8904	1.239	0	4.092	0.885	0.8835	0.8857	0.8844	0.8886
  M	0.8896	0.8771	0.8896	0.8896	0.8892	0.8893	0.8882	0.8885	0.8886	0.8899	1.4786	4.092	0	0.8845	0.8827	0.8855	0.8838	0.8892
  N	1.6853	2.4949	0.8904	0.889	0.8858	0.8859	0.8889	0.8854	0.8851	0.8853	0.8852	0.885	0.8845	0	2.3904	0.8863	3.1492	0.8858
  O	1.1374	3.1559	1.1267	1.0503	0.8866	0.9131	1.5035	0.8842	0.8835	0.8839	0.8837	0.8835	0.8827	2.3904	0	0.8856	3.7038	0.8845
  P	1.3323	3.1135	0.8871	0.8871	0.8865	0.8866	0.8864	0.8861	0.8859	0.8861	0.886	0.8857	0.8855	0.8863	0.8856	0	2.2279	1.3313
  Q	1.5578	4.5357	0.9042	0.8982	0.8853	0.8856	0.8979	0.8848	0.8845	0.8848	0.8846	0.8844	0.8838	3.1492	3.7038	2.2279	0	0.8854
  R	0.8898	0.8802	0.8899	0.8898	0.8895	0.8896	0.8888	0.8889	0.8891	0.889	0.8891	0.8886	0.8892	0.8858	0.8845	1.3313	0.8854	0

Actual rates from j->i (Q_ij):
	A	B	C	D	E	F	G	H	I	J	K	L	M	N	O	P	Q	R
  A	0	0.0698	0.0478	0.0478	0.0478	0.0478	0.0477	0.0477	0.0477	0.0477	0.0477	0.0477	0.0477	0.0905	0.0611	0.0715	0.0836	0.0478
  B	0.0645	0	0.0462	0.0454	0.0436	0.0436	0.0454	0.0436	0.0435	0.0436	0.0436	0.0436	0.0435	0.1237	0.1564	0.1543	0.2248	0.0436
  C	0.0504	0.0527	0	0.0571	0.0504	0.0504	0.0579	0.0503	0.0503	0.0503	0.0503	0.0503	0.0504	0.0504	0.0638	0.0502	0.0512	0.0504
  D	0.0509	0.0524	0.0577	0	0.0509	0.0512	0.0703	0.0509	0.0509	0.0509	0.0509	0.0508	0.0509	0.0508	0.0601	0.0507	0.0514	0.0509
  E	0.0525	0.0519	0.0525	0.0525	0	0.0525	0.0788	0.0524	0.0524	0.0524	0.0524	0.0524	0.0524	0.0522	0.0523	0.0523	0.0522	0.0524
  F	0.0523	0.0517	0.0523	0.0525	0.0523	0	0.0787	0.0522	0.0522	0.0522	0.0522	0.0522	0.0522	0.052	0.0536	0.0521	0.052	0.0523
  G	0.0493	0.0507	0.0567	0.0681	0.0741	0.0743	0	0.074	0.0494	0.0492	0.0492	0.0492	0.0492	0.0492	0.0833	0.0491	0.0497	0.0492
  H	0.0523	0.0518	0.0523	0.0523	0.0523	0.0523	0.0786	0	0.1325	0.0663	0.0664	0.0523	0.0523	0.0521	0.052	0.0522	0.0521	0.0523
  I	0.0581	0.0574	0.0581	0.0581	0.0581	0.0581	0.0582	0.1471	0	0.0583	0.0583	0.058	0.058	0.0578	0.0577	0.0579	0.0578	0.0581
  J	0.0541	0.0535	0.0541	0.0541	0.0541	0.0541	0.054	0.0685	0.0543	0	0.1387	0.0542	0.0541	0.0539	0.0538	0.0539	0.0538	0.0541
  K	0.0566	0.0559	0.0566	0.0566	0.0566	0.0566	0.0565	0.0717	0.0567	0.145	0	0.0788	0.0941	0.0563	0.0562	0.0564	0.0563	0.0566
  L	0.0547	0.0541	0.0547	0.0547	0.0547	0.0547	0.0546	0.0546	0.0546	0.0548	0.0762	0	0.2517	0.0544	0.0544	0.0545	0.0544	0.0547
  M	0.0672	0.0662	0.0672	0.0672	0.0672	0.0672	0.0671	0.0671	0.0671	0.0672	0.1117	0.309	0	0.0668	0.0667	0.0669	0.0667	0.0672
  N	0.0654	0.0968	0.0345	0.0345	0.0344	0.0344	0.0345	0.0343	0.0343	0.0343	0.0343	0.0343	0.0343	0	0.0927	0.0344	0.1221	0.0344
  O	0.0494	0.137	0.0489	0.0456	0.0385	0.0396	0.0652	0.0384	0.0383	0.0384	0.0383	0.0383	0.0383	0.1037	0	0.0384	0.1607	0.0384
  P	0.0563	0.1315	0.0375	0.0375	0.0374	0.0374	0.0374	0.0374	0.0374	0.0374	0.0374	0.0374	0.0374	0.0374	0.0374	0	0.0941	0.0562
  Q	0.0653	0.1901	0.0379	0.0376	0.0371	0.0371	0.0376	0.0371	0.0371	0.0371	0.0371	0.0371	0.037	0.132	0.1552	0.0934	0	0.0371
  R	0.0515	0.0509	0.0515	0.0515	0.0515	0.0515	0.0514	0.0514	0.0514	0.0514	0.0514	0.0514	0.0515	0.0513	0.0512	0.077	0.0512	0

